1 2
1 6
1 8
1 12
1 13
1 93
2 1
2 3
2 4
2 6
2 13
2 14
3 2
3 4
3 14
3 19
3 20
3 22
4 2
4 3
4 5
4 6
4 23
5 4
5 6
5 7
5 23
5 24
5 25
5 97
6 1
6 2
6 4
6 5
6 7
6 8
7 5
7 6
7 8
7 11
7 97
8 1
8 6
8 7
8 9
8 11
8 93
9 8
9 10
9 93
9 113
10 9
10 11
10 84
10 113
11 7
11 8
11 10
11 84
11 97
11 98
12 1
12 13
12 93
13 1
13 2
13 12
13 14
14 2
14 3
14 13
14 16
14 19
14 93
15 16
15 17
15 19
15 87
16 14
16 15
16 19
16 57
16 87
16 93
16 110
17 15
17 18
17 19
17 21
17 87
17 88
18 17
18 21
18 85
18 88
19 3
19 14
19 15
19 16
19 17
19 20
19 21
20 3
20 19
20 21
20 22
21 17
21 18
21 19
21 20
21 22
21 85
21 86
21 96
22 3
22 20
22 21
22 23
22 81
22 96
23 4
23 5
23 22
23 24
23 81
24 5
24 23
24 25
24 81
24 103
25 5
25 24
25 103
26 27
26 28
27 26
27 28
27 30
27 35
27 40
28 26
28 27
28 30
28 32
30 27
30 28
30 32
30 33
30 38
30 40
31 33
31 34
31 36
31 38
31 39
32 28
32 30
32 38
32 39
33 30
33 31
33 36
33 37
33 40
33 217
33 220
34 31
34 36
34 39
34 41
35 27
35 37
35 40
36 31
36 33
36 34
36 41
36 220
37 33
37 35
37 40
37 213
37 217
38 30
38 31
38 32
38 39
39 31
39 32
39 34
39 38
40 27
40 30
40 33
40 35
40 37
41 34
41 36
41 75
41 220
42 43
42 44
42 45
42 46
42 47
42 48
43 42
43 46
43 47
43 50
43 193
43 196
43 204
44 42
44 46
44 48
44 49
45 42
45 47
45 48
45 49
46 42
46 43
46 44
46 49
46 204
47 42
47 43
47 45
47 49
47 196
48 42
48 44
48 45
48 49
48 202
49 44
49 45
49 46
49 47
49 48
49 196
49 201
49 202
49 203
49 204
49 223
50 43
50 191
50 193
50 197
50 198
50 204
51 52
51 53
52 51
52 53
52 58
53 51
53 52
53 54
53 55
53 58
54 53
54 55
55 53
55 54
55 56
55 58
55 87
55 100
56 55
56 57
56 58
56 87
57 16
57 56
57 58
57 87
57 110
58 52
58 53
58 55
58 56
58 57
58 110
60 107
61 62
61 63
61 64
61 174
62 61
62 63
62 64
62 65
63 61
63 62
63 65
63 167
63 174
64 61
64 62
64 65
64 169
64 174
64 182
65 62
65 63
65 64
65 167
65 180
65 182
66 67
66 70
66 119
66 125
66 126
66 142
67 66
67 68
67 70
67 142
68 67
68 69
68 70
68 139
68 140
68 142
69 68
69 70
69 76
69 120
69 135
69 140
70 66
70 67
70 68
70 69
70 119
70 120
71 72
71 74
71 75
72 71
72 74
72 75
73 74
74 71
74 72
74 73
74 75
74 188
75 41
75 71
75 72
75 74
75 188
75 201
75 218
75 220
76 69
76 120
76 121
76 133
76 135
77 78
77 79
77 80
77 102
77 106
78 77
78 79
78 80
78 91
78 102
78 111
79 77
79 78
79 80
80 77
80 78
80 79
80 105
80 106
80 111
81 22
81 23
81 24
81 82
81 83
81 96
81 102
81 103
82 81
82 83
82 103
82 112
83 81
83 82
83 102
83 106
83 112
84 10
84 11
84 98
84 113
84 114
85 18
85 21
85 86
85 88
85 91
85 100
85 101
86 21
86 85
86 96
86 101
86 102
87 15
87 16
87 17
87 55
87 56
87 57
87 88
87 100
88 17
88 18
88 85
88 87
88 100
89 99
89 104
89 109
89 111
89 134
89 137
89 141
90 113
90 114
90 116
91 78
91 85
91 92
91 100
91 101
91 102
91 111
92 91
92 100
92 111
93 1
93 8
93 9
93 12
93 14
93 16
93 94
93 107
93 110
93 113
94 93
94 95
94 107
94 110
95 94
95 107
95 110
96 21
96 22
96 81
96 86
96 102
97 5
97 7
97 11
97 98
98 11
98 84
98 97
98 103
98 112
98 114
98 117
98 118
99 89
99 111
100 55
100 85
100 87
100 88
100 91
100 92
101 85
101 86
101 91
101 102
102 77
102 78
102 81
102 83
102 86
102 91
102 96
102 101
102 106
103 24
103 25
103 81
103 82
103 98
103 112
104 89
104 105
104 106
104 108
104 109
104 111
104 112
105 80
105 104
105 106
105 111
106 77
106 80
106 83
106 102
106 104
106 105
106 112
107 60
107 93
107 94
107 95
107 110
107 113
107 116
108 104
108 109
108 112
108 115
108 131
109 89
109 104
109 108
109 129
109 131
109 134
110 16
110 57
110 58
110 93
110 94
110 95
110 107
111 78
111 80
111 89
111 91
111 92
111 99
111 104
111 105
112 82
112 83
112 98
112 103
112 104
112 106
112 108
112 115
112 118
113 9
113 10
113 84
113 90
113 93
113 107
113 114
113 116
114 84
114 90
114 98
114 113
114 116
114 117
114 245
114 246
115 108
115 112
115 118
115 123
115 131
115 234
116 90
116 107
116 113
116 114
116 245
117 98
117 114
117 118
117 233
117 240
117 246
118 98
118 112
118 115
118 117
118 234
118 240
118 241
119 66
119 70
119 120
119 122
119 125
119 128
119 130
120 69
120 70
120 76
120 119
120 121
120 122
121 76
121 120
121 122
121 133
122 119
122 120
122 121
122 128
122 129
122 133
123 115
123 124
123 130
123 131
123 195
123 234
124 123
124 132
124 195
124 234
124 242
125 66
125 119
125 126
125 130
125 194
126 66
126 125
126 127
126 142
126 194
127 126
127 142
127 158
127 189
127 194
128 119
128 122
128 129
128 130
128 131
129 109
129 122
129 128
129 131
129 133
129 134
130 119
130 123
130 125
130 128
130 131
130 194
130 195
131 108
131 109
131 115
131 123
131 128
131 129
131 130
132 124
132 192
132 195
132 205
132 242
133 76
133 121
133 122
133 129
133 134
133 135
133 137
134 89
134 109
134 129
134 133
134 137
135 69
135 76
135 133
135 137
135 139
135 140
135 143
135 145
135 147
136 143
136 144
136 145
136 146
137 89
137 133
137 134
137 135
137 141
137 147
138 141
138 146
138 147
138 148
139 68
139 135
139 140
139 142
139 143
139 152
139 156
140 68
140 69
140 135
140 139
141 89
141 137
141 138
141 147
142 66
142 67
142 68
142 126
142 127
142 139
142 156
142 157
142 158
143 135
143 136
143 139
143 144
143 145
143 152
144 136
144 143
145 135
145 136
145 143
145 146
145 147
146 136
146 138
146 145
146 147
147 135
147 137
147 138
147 141
147 145
147 146
148 138
149 150
149 155
149 156
150 149
150 152
150 155
150 156
151 152
151 155
151 163
152 139
152 143
152 150
152 151
152 155
152 156
153 155
153 156
153 160
153 161
153 162
153 163
153 182
154 159
154 160
154 161
154 170
154 171
154 226
154 228
155 149
155 150
155 151
155 152
155 153
155 156
155 163
156 139
156 142
156 149
156 150
156 152
156 153
156 155
156 157
156 160
157 142
157 156
157 158
157 159
157 160
158 127
158 142
158 157
158 159
158 189
158 229
159 154
159 157
159 158
159 160
159 228
159 229
160 153
160 154
160 156
160 157
160 159
160 161
161 153
161 154
161 160
161 169
161 170
161 182
162 153
162 163
162 181
162 182
163 151
163 153
163 155
163 162
164 178
164 179
165 166
165 168
166 165
166 168
166 170
166 171
166 173
166 174
167 63
167 65
167 174
167 178
167 179
167 180
168 165
168 166
168 171
168 226
169 64
169 161
169 170
169 174
169 182
170 154
170 161
170 166
170 169
170 171
170 174
171 154
171 166
171 168
171 170
171 226
172 173
173 166
173 172
173 174
173 175
174 61
174 63
174 64
174 166
174 167
174 169
174 170
174 173
174 175
174 178
175 173
175 174
175 176
175 178
176 175
176 177
176 178
177 176
177 178
178 164
178 167
178 174
178 175
178 176
178 177
178 179
179 164
179 167
179 178
179 180
179 185
180 65
180 167
180 179
180 181
180 182
181 162
181 180
181 182
182 64
182 65
182 153
182 161
182 162
182 169
182 180
182 181
184 185
185 179
185 184
186 187
186 188
187 186
187 188
187 193
187 198
187 200
188 74
188 75
188 186
188 187
188 193
188 201
189 127
189 158
189 191
189 194
189 203
189 204
189 229
190 192
190 197
190 198
190 199
190 205
190 206
191 50
191 189
191 194
191 197
191 204
192 132
192 190
192 205
192 206
192 242
193 43
193 50
193 187
193 188
193 196
193 198
193 201
194 125
194 126
194 127
194 130
194 189
194 191
194 195
194 197
194 205
195 123
195 124
195 130
195 132
195 194
195 205
196 43
196 47
196 49
196 193
196 201
197 50
197 190
197 191
197 194
197 198
197 205
198 50
198 187
198 190
198 193
198 197
198 199
198 200
199 190
199 198
199 200
199 206
199 207
200 187
200 198
200 199
200 207
201 49
201 75
201 188
201 193
201 196
201 218
201 223
202 48
202 49
202 203
202 223
202 230
203 49
203 189
203 202
203 204
203 229
203 230
204 43
204 46
204 49
204 50
204 189
204 191
204 203
205 132
205 190
205 192
205 194
205 195
205 197
206 190
206 192
206 199
206 207
206 237
206 239
206 242
207 199
207 200
207 206
207 239
209 210
209 212
209 217
209 218
209 222
209 223
210 209
210 213
210 217
211 212
211 214
211 222
211 224
212 209
212 211
212 222
213 37
213 210
213 217
214 211
214 216
214 221
214 222
214 224
214 226
214 227
215 224
216 214
216 224
216 226
217 33
217 37
217 209
217 210
217 213
217 218
217 220
218 75
218 201
218 209
218 217
218 220
218 223
220 33
220 36
220 41
220 75
220 217
220 218
221 214
221 222
221 227
221 230
222 209
222 211
222 212
222 214
222 221
222 223
223 49
223 201
223 202
223 209
223 218
223 222
223 230
224 211
224 214
224 215
224 216
226 154
226 168
226 171
226 214
226 216
226 227
226 228
227 214
227 221
227 226
227 228
227 229
227 230
228 154
228 159
228 226
228 227
228 229
229 158
229 159
229 189
229 203
229 227
229 228
229 230
230 202
230 203
230 221
230 223
230 227
230 229
231 232
232 231
233 117
233 240
233 246
233 247
233 248
234 115
234 118
234 123
234 124
234 241
234 242
235 236
235 240
235 243
235 244
235 250
236 235
236 239
236 244
237 206
237 239
237 242
237 244
238 248
238 249
238 250
239 206
239 207
239 236
239 237
239 244
240 117
240 118
240 233
240 235
240 241
240 243
240 248
240 250
241 118
241 234
241 240
241 242
241 243
242 124
242 132
242 192
242 206
242 234
242 237
242 241
242 243
242 244
243 235
243 240
243 241
243 242
243 244
244 235
244 236
244 237
244 239
244 242
244 243
245 114
245 116
245 246
246 114
246 117
246 233
246 245
246 247
247 233
247 246
247 248
248 233
248 238
248 240
248 247
248 249
248 250
249 238
249 248
250 235
250 238
250 240
250 248
